CCY,date,year,rate
USDJPY,20130331,2013,63
USDJPY,20130407,2013,97
USDJPY,20130414,2013,63
USDJPY,20130505,2013,73
USDJPY,20130519,2013,63
USDJPY,20130602,2013,97
USDJPY,20130609,2013,84
USDJPY,20130616,2013,63
USDJPY,20141116,2014,72
USDJPY,20141130,2014,65
USDJPY,20141214,2014,76
USDJPY,20150823,2015,63
USDJPY,20160207,2016,85
USDJPY,20160403,2016,72
USDJPY,20160410,2016,68
USDJPY,20160424,2016,69
USDJPY,20160501,2016,62
USDJPY,20160605,2016,62
USDJPY,20160612,2016,69
USDJPY,20160619,2016,93
USDJPY,20160710,2016,79
USDJPY,20160717,2016,66
USDJPY,20160724,2016,81
USDJPY,20160731,2016,63
USDJPY,20160814,2016,76
USDJPY,20161106,2016,100
USDJPY,20161113,2016,66
USDJPY,20161120,2016,81
USDJPY,20161211,2016,71
USDJPY,20170101,2017,69
USDJPY,20170108,2017,73
USDJPY,20170115,2017,68
USDJPY,20170212,2017,61
USDJPY,20170319,2017,73
USDJPY,20170326,2017,67
USDJPY,20170402,2017,74
USDJPY,20170409,2017,79
USDJPY,20170416,2017,69
USDJPY,20170423,2017,62
USDJPY,20170709,2017,62
USDJPY,20170723,2017,61
USDJPY,20170910,2017,69
USDJPY,20170924,2017,64
AUDUSD,20130505,2013,71
AUDUSD,20130512,2013,71
AUDUSD,20130519,2013,69
AUDUSD,20130602,2013,100
AUDUSD,20130616,2013,66
AUDUSD,20130623,2013,69
AUDUSD,20130707,2013,72
AUDUSD,20130804,2013,63
AUDUSD,20130811,2013,69
AUDUSD,20130901,2013,84
AUDUSD,20150201,2015,73
AUDUSD,20150802,2015,62
AUDUSD,20150809,2015,66
AUDUSD,20150823,2015,75
AUDUSD,20150906,2015,82
AUDUSD,20160228,2016,66
AUDUSD,20160501,2016,88
AUDUSD,20160508,2016,67
AUDUSD,20160807,2016,66
AUDUSD,20161106,2016,67
EURCAD,20140316,2014,79
EURCAD,20140330,2014,61
EURCAD,20150524,2015,64
EURCAD,20150531,2015,70
EURCAD,20150621,2015,70
EURCAD,20150809,2015,70
EURCAD,20150823,2015,73
EURCAD,20160103,2016,79
EURCAD,20160110,2016,100
EURCAD,20160117,2016,84
EURCAD,20160124,2016,73
EURCAD,20160131,2016,62
EURCAD,20160214,2016,66
EURCAD,20160228,2016,81
EURCAD,20160410,2016,78
EURCAD,20160424,2016,72
EURCAD,20160626,2016,63
EURCAD,20170319,2017,72
EURCAD,20170430,2017,73
EURCAD,20170507,2017,62
EURCAD,20170521,2017,61
EURCAD,20170611,2017,99
EURCAD,20170702,2017,80
EURCAD,20170903,2017,69
EURCAD,20170924,2017,73
EURCAD,20171119,2017,66
EURCAD,20171210,2017,76
EURCAD,20171217,2017,65
EURUSD,20150118,2015,70
EURUSD,20150125,2015,76
EURUSD,20150308,2015,77
EURUSD,20150315,2015,72
EURUSD,20150628,2015,100
EURUSD,20150705,2015,76
EURUSD,20150823,2015,64
EURUSD,20161106,2016,70
GBPAUD,20130818,2013,63
GBPAUD,20131201,2013,61
GBPAUD,20131229,2013,67
GBPAUD,20150719,2015,65
GBPAUD,20150823,2015,62
GBPAUD,20150830,2015,72
GBPAUD,20150906,2015,69
GBPAUD,20160313,2016,71
GBPAUD,20160619,2016,67
GBPAUD,20160626,2016,100
GBPAUD,20160710,2016,69
GBPAUD,20160717,2016,66
GBPAUD,20160918,2016,67
GBPAUD,20161002,2016,70
GBPAUD,20170226,2017,69
GBPAUD,20170430,2017,77
GBPAUD,20170521,2017,76
GBPAUD,20170910,2017,74
GBPAUD,20170917,2017,61
GBPAUD,20170924,2017,64
GBPAUD,20171203,2017,75
GBPAUD,20171217,2017,61
USDCAD,20150201,2015,65
USDCAD,20151206,2015,75
USDCAD,20151213,2015,63
USDCAD,20151220,2015,65
USDCAD,20160103,2016,63
USDCAD,20160110,2016,100
USDCAD,20160117,2016,81
USDCAD,20160131,2016,71
USDCAD,20160619,2016,76
USDCAD,20160626,2016,69
USDCAD,20160717,2016,62
USDCAD,20161106,2016,81
USDCAD,20161211,2016,63
USDCAD,20170226,2017,62
USDCAD,20170305,2017,64
USDCAD,20170423,2017,61
USDCAD,20170611,2017,69
USDCAD,20170702,2017,61
USDCAD,20170709,2017,82
USDCAD,20170716,2017,80
USDCAD,20170730,2017,68
USDCAD,20170820,2017,66
USDCAD,20170903,2017,70
USDCAD,20171029,2017,68
USDCAD,20171203,2017,78
USDAUD,20130512,2013,78
USDAUD,20130526,2013,69
USDAUD,20130602,2013,78
USDAUD,20130707,2013,61
USDAUD,20130728,2013,100
USDAUD,20130811,2013,61
USDAUD,20130908,2013,84
USDAUD,20141214,2014,71
USDAUD,20150201,2015,74
USDAUD,20150315,2015,65
USDAUD,20150412,2015,65
USDAUD,20150719,2015,67
USDAUD,20150802,2015,99
USDAUD,20150809,2015,66
USDAUD,20150906,2015,71
USDAUD,20150927,2015,61
USDAUD,20160103,2016,64
USDAUD,20160214,2016,70
USDAUD,20160313,2016,62
USDAUD,20160501,2016,64
USDAUD,20161009,2016,63
USDAUD,20161211,2016,61
USDAUD,20170903,2017,82
USDAUD,20171210,2017,72
USDAUD,20171217,2017,81
EURJPY,20130106,2013,75
EURJPY,20130113,2013,62
EURJPY,20130127,2013,79
EURJPY,20130203,2013,66
EURJPY,20130210,2013,74
EURJPY,20130224,2013,72
EURJPY,20130407,2013,100
EURJPY,20130428,2013,61
EURJPY,20130519,2013,66
EURJPY,20130714,2013,80
EURJPY,20131208,2013,76
EURJPY,20140907,2014,66
EURJPY,20141102,2014,63
EURJPY,20150628,2015,70
EURJPY,20160612,2016,71
EURJPY,20170625,2017,72
EURJPY,20170702,2017,68
EURJPY,20171217,2017,61
AUDEUR,20130120,2013,68
AUDEUR,20130224,2013,67
AUDEUR,20130303,2013,67
AUDEUR,20130519,2013,66
AUDEUR,20130526,2013,67
AUDEUR,20130602,2013,66
AUDEUR,20130609,2013,83
AUDEUR,20130721,2013,85
AUDEUR,20140202,2014,61
AUDEUR,20140302,2014,73
AUDEUR,20140622,2014,81
AUDEUR,20141207,2014,73
AUDEUR,20150712,2015,69
AUDEUR,20150830,2015,66
AUDEUR,20151004,2015,64
AUDEUR,20151101,2015,75
AUDEUR,20151129,2015,100
AUDEUR,20160306,2016,79
AUDEUR,20160529,2016,82
AUDEUR,20160619,2016,69
AUDEUR,20160814,2016,61
AUDEUR,20160828,2016,84
AUDEUR,20161120,2016,91
AUDEUR,20170129,2017,86
AUDEUR,20170312,2017,71
AUDEUR,20170423,2017,61
AUDEUR,20170507,2017,61
AUDEUR,20170716,2017,67
AUDEUR,20170924,2017,62
AUDEUR,20171126,2017,71
AUDEUR,20171210,2017,85
EURSEK,20130203,2013,86
EURSEK,20131013,2013,72
EURSEK,20140914,2014,70
EURSEK,20141019,2014,68
EURSEK,20141214,2014,85
EURSEK,20150118,2015,63
EURSEK,20150125,2015,62
EURSEK,20150208,2015,63
EURSEK,20150315,2015,100
EURSEK,20150517,2015,93
EURSEK,20150531,2015,78
EURSEK,20150628,2015,63
EURSEK,20160619,2016,62
EURSEK,20161023,2016,91
EURSEK,20161106,2016,81
EURSEK,20171119,2017,61
EURAUD,20121230,2012,64
EURAUD,20131208,2013,71
EURAUD,20140112,2014,78
EURAUD,20140601,2014,64
EURAUD,20140921,2014,70
EURAUD,20150208,2015,64
EURAUD,20150329,2015,65
EURAUD,20150412,2015,63
EURAUD,20150621,2015,64
EURAUD,20150726,2015,100
EURAUD,20151213,2015,69
EURAUD,20160214,2016,61
EURAUD,20160501,2016,71
EURAUD,20160717,2016,66
EURAUD,20160807,2016,78
EURAUD,20170212,2017,72
EURAUD,20170319,2017,73
EURAUD,20170625,2017,71
EURAUD,20171217,2017,68
AUDCAD,20130217,2013,71
AUDCAD,20130721,2013,72
AUDCAD,20140907,2014,65
AUDCAD,20140914,2014,65
AUDCAD,20150405,2015,74
AUDCAD,20151004,2015,68
AUDCAD,20151101,2015,80
AUDCAD,20151213,2015,69
AUDCAD,20160417,2016,70
AUDCAD,20160731,2016,62
AUDCAD,20160807,2016,78
AUDCAD,20161002,2016,71
AUDCAD,20170115,2017,78
AUDCAD,20170129,2017,65
AUDCAD,20170212,2017,77
AUDCAD,20170312,2017,100
AUDCAD,20170319,2017,65
AUDCAD,20170416,2017,92
AUDCAD,20170702,2017,72
AUDCAD,20170917,2017,66
AUDCAD,20171015,2017,65
AUDCAD,20171029,2017,91
AUDCAD,20171105,2017,64
AUDCAD,20171112,2017,75
GBPJPY,20160529,2016,64
GBPJPY,20160619,2016,100
GBPJPY,20160626,2016,80
GBPJPY,20160710,2016,87
GBPJPY,20170226,2017,66
GBPJPY,20170430,2017,69
GBPJPY,20170604,2017,75
GBPJPY,20170709,2017,69
GBPJPY,20170917,2017,62
GBPJPY,20171203,2017,73
AUDJPY,20130113,2013,67
AUDJPY,20130602,2013,100
AUDJPY,20130616,2013,64
AUDJPY,20131020,2013,69
AUDJPY,20141012,2014,66
AUDJPY,20170416,2017,62
USDEUR,20150111,2015,75
USDEUR,20150118,2015,80
USDEUR,20150125,2015,68
USDEUR,20150308,2015,68
USDEUR,20150315,2015,78
USDEUR,20150322,2015,67
USDEUR,20150628,2015,80
USDEUR,20150705,2015,100
USDEUR,20160619,2016,94
USDEUR,20171126,2017,64
USDEUR,20171203,2017,83
USDEUR,20171210,2017,69
USDEUR,20171217,2017,85
CADUSD,20150315,2015,69
CADUSD,20160110,2016,100
CADUSD,20160117,2016,83
CADUSD,20160313,2016,61
CADUSD,20161106,2016,84
CADUSD,20170723,2017,78
CADUSD,20171126,2017,69
CADUSD,20171203,2017,84
GBPCAD,20150201,2015,68
GBPCAD,20150823,2015,65
GBPCAD,20160619,2016,100
GBPCAD,20160626,2016,90
GBPCAD,20160703,2016,85
GBPCAD,20170730,2017,62
JPYUSD,20130106,2013,63
JPYUSD,20130602,2013,79
JPYUSD,20130623,2013,100
JPYUSD,20130707,2013,62
JPYUSD,20141102,2014,70
JPYUSD,20151018,2015,61
JPYUSD,20160403,2016,63
JPYUSD,20160710,2016,85
JPYUSD,20161106,2016,78
JPYUSD,20161113,2016,79
JPYUSD,20171217,2017,62
USDSEK,20130616,2013,67
USDSEK,20150208,2015,100
USDSEK,20150308,2015,77
USDSEK,20150503,2015,66
USDSEK,20150614,2015,67
USDSEK,20171217,2017,69
GBPCHF,20150111,2015,100
GBPCHF,20150118,2015,84
GBPCHF,20160619,2016,61
GBPCHF,20160626,2016,76
CADJPY,20160724,2016,62
CADJPY,20161127,2016,82
CADJPY,20170709,2017,100
CADJPY,20170723,2017,70
CADJPY,20170903,2017,68
GBPSEK,20130310,2013,62
GBPSEK,20140330,2014,81
GBPSEK,20140720,2014,62
GBPSEK,20150208,2015,78
GBPSEK,20160619,2016,77
GBPSEK,20160814,2016,85
GBPSEK,20161002,2016,76
GBPSEK,20170226,2017,67
GBPSEK,20170423,2017,68
GBPSEK,20170716,2017,100
GBPSEK,20171210,2017,68
CHFJPY,20131222,2013,76
CHFJPY,20150111,2015,100
CADGBP,20121230,2012,81
CADGBP,20150118,2015,87
CADGBP,20150125,2015,72
CADGBP,20160313,2016,83
CADGBP,20160424,2016,83
CADGBP,20160619,2016,86
CADGBP,20161009,2016,84
CADGBP,20170924,2017,65
CADGBP,20171203,2017,100
AUDCHF,20130414,2013,63
AUDCHF,20130526,2013,63
AUDCHF,20130602,2013,62
AUDCHF,20130630,2013,65
AUDCHF,20150802,2015,70
AUDCHF,20170507,2017,62
AUDCHF,20170528,2017,100
AUDCHF,20170806,2017,64
EURGBP,20160619,2016,100
EURGBP,20160626,2016,61
CADAUD,20130922,2013,84
CADAUD,20140202,2014,81
CADAUD,20141228,2014,84
CADAUD,20160508,2016,70
CADAUD,20161002,2016,71
CADAUD,20170702,2017,71
CADAUD,20170903,2017,100
AUDGBP,20160619,2016,100
AUDGBP,20160626,2016,66
CHFUSD,20150111,2015,100
CHFUSD,20150118,2015,76
CADCHF,20130224,2013,65
CADCHF,20140330,2014,84
CADCHF,20150816,2015,80
CADCHF,20160403,2016,77
CADCHF,20161113,2016,77
CADCHF,20171217,2017,100
JPYGBP,20130224,2013,61
JPYGBP,20130421,2013,61
JPYGBP,20130526,2013,61
JPYGBP,20130630,2013,62
JPYGBP,20130721,2013,62
JPYGBP,20130728,2013,62
JPYGBP,20150301,2015,100
JPYGBP,20150913,2015,95
JPYGBP,20150920,2015,72
JPYGBP,20170108,2017,92
USDCHF,20150111,2015,100
JPYEUR,20131208,2013,93
JPYEUR,20140706,2014,100
JPYEUR,20150322,2015,89
JPYEUR,20150614,2015,85
JPYEUR,20160612,2016,61
JPYEUR,20170212,2017,74
JPYEUR,20171029,2017,75
CHFSEK,20130217,2013,100
CHFSEK,20130818,2013,99
CHFSEK,20140504,2014,86
CHFSEK,20150111,2015,83
CHFSEK,20150301,2015,82
CHFSEK,20151115,2015,76
CHFSEK,20160619,2016,82
CADEUR,20150816,2015,64
CADEUR,20160110,2016,62
CADEUR,20171203,2017,84
CADEUR,20171217,2017,100
GBPEUR,20160619,2016,100
GBPEUR,20160626,2016,69
GBPUSD,20160619,2016,100
GBPUSD,20160626,2016,71
SEKUSD,20140727,2014,82
SEKUSD,20141207,2014,72
SEKUSD,20150517,2015,100
SEKUSD,20160925,2016,67
CHFGBP,20130804,2013,62
CHFGBP,20150118,2015,100
USDGBP,20160619,2016,100
USDGBP,20160626,2016,68
SEKEUR,20140824,2014,100
JPYCAD,20121230,2012,100
JPYCAD,20130210,2013,90
JPYCAD,20130414,2013,87
JPYCAD,20130609,2013,86
JPYCAD,20131208,2013,79
JPYCAD,20140323,2014,75
JPYCAD,20140406,2014,75
JPYCAD,20141026,2014,78
JPYCAD,20141130,2014,75
JPYCAD,20150111,2015,72
JPYCAD,20150405,2015,72
JPYCAD,20150830,2015,69
JPYCAD,20151018,2015,66
JPYCAD,20151213,2015,68
JPYCAD,20160529,2016,71
JPYCAD,20160612,2016,69
JPYCAD,20160710,2016,74
JPYCAD,20161106,2016,68
JPYCAD,20170129,2017,64
JPYCAD,20170611,2017,69
JPYCAD,20170730,2017,66
JPYCAD,20170827,2017,66
JPYCAD,20171105,2017,63
JPYCAD,20171210,2017,63
EURCHF,20150111,2015,100
EURCHF,20150118,2015,71
CHFEUR,20150111,2015,100
AUDSEK,20130505,2013,100
AUDSEK,20130609,2013,97
AUDSEK,20131013,2013,94
AUDSEK,20131020,2013,92
AUDSEK,20131103,2013,91
AUDSEK,20140525,2014,95
AUDSEK,20140810,2014,96
AUDSEK,20150111,2015,82
AUDSEK,20150628,2015,82
AUDSEK,20150802,2015,82
AUDSEK,20160424,2016,78
AUDSEK,20160807,2016,87
AUDSEK,20160821,2016,85
AUDSEK,20161030,2016,79
AUDSEK,20170205,2017,72
AUDSEK,20170917,2017,74
AUDSEK,20171203,2017,70
CHFCAD,20130106,2013,70
CHFCAD,20130414,2013,68
CHFCAD,20130818,2013,67
CHFCAD,20131020,2013,63
CHFCAD,20170917,2017,100
JPYAUD,20160717,2016,100
JPYAUD,20161218,2016,95
CHFAUD,20160731,2016,100
CHFAUD,20170205,2017,84
SEKJPY,20130113,2013,64
SEKJPY,20130224,2013,62
SEKJPY,20130303,2013,62
SEKJPY,20130331,2013,62
SEKJPY,20130609,2013,61
SEKJPY,20130623,2013,62
SEKJPY,20161002,2016,100
JPYCHF,20130331,2013,100
JPYCHF,20140209,2014,86
JPYCHF,20140907,2014,92
JPYCHF,20150111,2015,83
JPYCHF,20150503,2015,82
JPYCHF,20150726,2015,82
JPYCHF,20151227,2015,86
JPYCHF,20160221,2016,78
JPYCHF,20160313,2016,79
JPYCHF,20160619,2016,83
JPYCHF,20160710,2016,85
JPYCHF,20170305,2017,71
JPYCHF,20170716,2017,80
JPYCHF,20171119,2017,72
SEKGBP,20130303,2013,61
SEKGBP,20160619,2016,100
SEKCAD,20140504,2014,100
SEKCAD,20150222,2015,93
SEKCAD,20150329,2015,98
SEKCAD,20150412,2015,95
SEKCAD,20150531,2015,96
SEKCAD,20161120,2016,90
SEKCAD,20170122,2017,86
SEKCAD,20170423,2017,84
SEKCAD,20170507,2017,85
SEKCAD,20170924,2017,86
SEKCHF,20150329,2015,100
SEKCHF,20160626,2016,97
CADSEK,20130623,2013,61
CADSEK,20150412,2015,100
CADSEK,20171217,2017,62
JPYSEK,20130526,2013,97
JPYSEK,20130811,2013,100
JPYSEK,20141207,2014,85
JPYSEK,20160904,2016,80
JPYSEK,20161106,2016,76
JPYSEK,20161211,2016,75
JPYSEK,20170205,2017,71
JPYSEK,20170212,2017,71
JPYSEK,20170312,2017,69