date,Food and non-alcoholic beverages,Alcohol and tobacco,Clothing and footwear,Housing,Furnishings; household equipment and services,Health,Transport,Communication,Recreation and culture,Education,Insurance and financial services,All groups CPI
Jun-2009,95.1,85.3,102.3,88.0,99.6,91.0,92.8,99.1,100.7,86.7,90.7,92.9
Sep-2009,94.3,85.9,102.6,90.6,100.2,90.1,94.6,99.1,101.4,86.8,91.5,93.8
Dec-2009,95.7,86.4,102.8,91.3,100.2,89.3,93.8,99.1,102.9,86.8,92.2,94.3
Mar-2010,96.7,87.5,98.4,92.6,98.9,93.5,95.0,99.0,101.9,91.6,94.1,95.2
Jun-2010,96.4,92.7,98.4,93.2,99.8,95.6,95.7,98.9,100.1,91.7,94.2,95.8
Sep-2010,95.9,95.5,99.7,95.2,100.6,94.9,95.1,98.7,100.8,91.8,94.7,96.5
Dec-2010,98.0,96.2,97.9,95.8,100.0,93.7,95.4,98.7,101.0,91.8,94.3,96.9
Mar-2011,100.9,97.3,97.2,97.1,98.4,97.4,97.9,98.8,100.4,97.0,96.7,98.3
Jun-2011,102.3,97.9,99.5,97.5,99.8,99.4,99.1,99.3,99.8,97.1,98.2,99.2
Sep-2011,102.0,98.4,101.0,99.2,100.1,98.4,99.2,99.2,100.7,97.1,98.9,99.8
Dec-2011,100.5,99.3,100.4,99.7,100.2,97.1,99.2,100.3,101.5,97.1,99.6,99.8
Mar-2012,98.4,100.7,98.6,100.3,99.1,101.5,100.3,100.4,99.5,102.9,100.5,99.9
Jun-2012,99.0,101.7,100.0,100.7,100.6,103.0,101.3,100.1,98.3,102.9,101.0,100.4
Sep-2012,100.9,102.6,100.2,103.9,101.6,105.5,100.5,100.6,99.2,103.0,101.2,101.8
Dec-2012,100.8,102.8,101.0,104.1,101.0,104.6,101.2,101.9,99.8,103.0,102.7,102.0
Mar-2013,100.0,104.4,97.1,105.4,99.7,107.7,101.7,101.9,99.0,108.9,103.4,102.4
Jun-2013,100.1,105.8,99.7,106.0,100.7,109.8,100.8,102.3,98.2,108.8,103.7,102.8
Sep-2013,100.3,106.7,100.8,108.1,101.7,109.8,103.2,102.4,100.1,108.8,104.1,104.0
Dec-2013,101.9,108.4,99.7,108.6,102.1,109.2,103.1,103.6,102.2,108.8,104.3,104.8
Mar-2014,102.2,111.5,97.6,109.2,100.6,112.0,104.2,103.8,101.7,114.4,104.7,105.4
Jun-2014,102.6,113.3,99.1,110.1,101.7,115.2,103.5,102.0,101.4,114.4,104.7,105.9
Sep-2014,103.8,114.5,98.1,110.6,102.1,115.0,103.4,100.6,102.0,114.5,105.3,106.4
Dec-2014,103.9,116.4,98.2,111.2,102.6,114.0,101.1,100.5,103.0,114.5,106.4,106.6
Mar-2015,104.1,117.3,96.9,112.1,102.1,116.9,97.7,99.1,103.7,120.6,106.6,106.8
Jun-2015,103.9,118.7,98.2,112.9,103.1,120.1,101.0,98.5,102.3,120.6,106.9,107.5
Sep-2015,104.0,120.2,97.1,113.6,103.9,120.5,101.1,96.5,103.1,120.8,107.4,108.0
Dec-2015,104.3,123.4,98.7,113.7,104.5,120.0,99.7,94.2,104.8,120.8,108.3,108.4
Mar-2016,104.1,124.5,96.1,114.0,104.1,122.3,97.2,92.8,103.8,124.6,109.0,108.2
Jun-2016,103.8,125.7,98.0,114.4,104.7,125.5,98.2,91.4,103.1,124.6,109.5,108.6
Sep-2016,105.6,127.1,98.3,115.6,105.9,125.2,97.7,89.3,103.7,124.8,110.5,109.4
Dec-2016,106.2,130.7,97.8,115.9,105.1,124.4,99.4,88.6,104.3,124.8,111.2,110.0
Mar-2017,106.0,132.1,96.4,116.8,104.0,126.9,100.9,88.3,103.6,128.7,111.9,110.5
Jun-2017,105.8,133.1,96.1,117.2,104.7,130.3,100.3,87.9,103.0,128.7,111.8,110.7
Sep-2017,104.9,136.0,95.2,119.4,105.1,130.1,100.3,86.7,104.3,128.7,112.5,111.4
Dec-2017,106.0,140.3,94.9,119.8,104.3,129.4,102.7,85.6,104.9,128.8,112.7,112.1
